-1001338997903
-1001338265849
-1001118023407
-1001163292106
-1001372511200
-1001434798075
-1001122699481
-1001397798758
-1001451635321
-1001377348263
-1001241497236
-1001121782513
-1001451114490
-1001380832249
-1001271462586
-1001268436762
-1001390830781
-1001301452946
-1001348197807
-1001343473431
-1001309917766
-1001472816147
-1001154147302
-1001345194302
-1001263859486
-1001305703437
-1001399687890
-1001348353003
-1001327839899
-1001293204668
-1001497503198
-1001438331875
-1001189618991
-1001163419073
-1001346865201
-1001120834195
-1001376715301
-1001345031586
-1001208747609
-1001443341835
-1001145998370
-1001125951496
-1001219005669
-1001112925332
-1001324246360
-1001272110829
-1001433396377
-1001237196373
-1001489583471
-1001159090255
-1001262766702
-1001120926781
-1001152303019
-1001201567214
-1001485654296
-1001137569835
-1001242293398
-1001138282457
-1001074071480
-1001306152552
-1001358581031
-1001357979386
-1001176543333
-1001258158431
-1001343722630
-1001389405435
-1001494693166
-1001494767449
-1001333626900
-1001441420408
-1001393555328
-1001258594026
-1001198691631
-1001487857957
-1001032036373
-1001489491135
-1001277904649
-1001153901681
-1001237096623
-1001317049502
-1001119259804
-1001490322877
-1001145022893
-1001463853890
-1001199335087
-1001315374689
-1001361243246
-1001289796098
-1001201545621
-1001445955986
-1001220699699
-1001212618285
-1001149506626
-1001382881773
-1001318900466
-1001282921939
-1001138710255
-1001106941810
-1001359209904
-1001126701006
-1001211716926
-1001101702832
-1001283737784
-1001126155412
-1001101702832
-1001165083415
-1001283737784
-1001126155412
-1001165083415
-1001306241803
-1001200060062
-1001104410307
-1001253195718
-1001432655128
-1001393350635
-1001252124439
-1001382730893
-1001261513813
-1001372207201
-1001131286291
-1001259350678
-1001418505874
-1001160338916
-1001252480003
-1001459706290