-1001338997903
-1001338265849
-1001118023407
-1001163292106
-1001372511200
-1001434798075
-1001122699481
-1001397798758
-1001451635321
-1001377348263
-1001241497236
-1001121782513
-1001451114490
-1001380832249
-1001271462586
-1001268436762
-1001390830781
-1001301452946
-1001348197807
-1001343473431
-1001309917766
-1001472816147
-1001154147302
-1001345194302
-1001263859486
-1001305703437
-1001399687890
-1001348353003
-1001327839899
-1001293204668
-1001497503198
https://t.me/MEFESTOFELe
https://t.me/gnomovod1
https://t.me/replicat_dark_net
https://t.me/ne_standartno
https://t.me/chatmlm